importMaze from 2D.txt
11010
01010
11110
10010
11011
find_maze_path [0][0]
11010
01010
11110
10010
11011
find_maze_path [-1][0]
31010
01010
11110
10010
11011
find_maze_path [1][0]
31010
01010
11110
10010
11011
find_maze_path [0][-1]
31010
01010
11110
10010
11011
find_maze_path [0][1]
31010
01010
11110
10010
11011
find_maze_path [-1][1]
33010
01010
11110
10010
11011
find_maze_path [1][1]
33010
01010
11110
10010
11011
find_maze_path [0][1]
33010
03010
11110
10010
11011
find_maze_path [2][1]
33010
03010
11110
10010
11011
find_maze_path [1][1]
33010
03010
13110
10010
11011
find_maze_path [3][1]
33010
03010
13110
10010
11011
find_maze_path [2][0]
33010
03010
13110
10010
11011
find_maze_path [1][0]
33010
03010
33110
10010
11011
find_maze_path [3][0]
33010
03010
33110
10010
11011
find_maze_path [2][0]
33010
03010
33110
30010
11011
find_maze_path [4][0]
33010
03010
33110
30010
11011
find_maze_path [3][0]
33010
03010
33110
30010
31011
find_maze_path [5][0]
33010
03010
33110
30010
31011
find_maze_path [4][-1]
33010
03010
33110
30010
31011
find_maze_path [4][1]
33010
03010
33110
30010
31011
find_maze_path [3][1]
33010
03010
33110
30010
33011
find_maze_path [5][1]
33010
03010
33110
30010
33011
find_maze_path [4][0]
33010
03010
33110
30010
33011
find_maze_path [4][2]
33010
03010
33110
30010
33011
find_maze_path [3][-1]
33010
03010
33110
30010
22011
find_maze_path [3][1]
33010
03010
33110
30010
22011
find_maze_path [2][-1]
33010
03010
33110
20010
22011
find_maze_path [2][1]
33010
03010
33110
20010
22011
find_maze_path [2][2]
33010
03010
23110
20010
22011
find_maze_path [1][2]
33010
03010
23310
20010
22011
find_maze_path [3][2]
33010
03010
23310
20010
22011
find_maze_path [2][1]
33010
03010
23310
20010
22011
find_maze_path [2][3]
33010
03010
23310
20010
22011
find_maze_path [1][3]
33010
03010
23330
20010
22011
find_maze_path [0][3]
33010
03030
23330
20010
22011
find_maze_path [-1][3]
33030
03030
23330
20010
22011
find_maze_path [1][3]
33030
03030
23330
20010
22011
find_maze_path [0][2]
33030
03030
23330
20010
22011
find_maze_path [0][4]
33030
03030
23330
20010
22011
find_maze_path [2][3]
33020
03030
23330
20010
22011
find_maze_path [1][2]
33020
03030
23330
20010
22011
find_maze_path [1][4]
33020
03030
23330
20010
22011
find_maze_path [3][3]
33020
03020
23330
20010
22011
find_maze_path [2][3]
33020
03020
23330
20030
22011
find_maze_path [4][3]
33020
03020
23330
20030
22011
find_maze_path [3][3]
33020
03020
23330
20030
22031
find_maze_path [5][3]
33020
03020
23330
20030
22031
find_maze_path [4][2]
33020
03020
23330
20030
22031
find_maze_path [4][4]
33020
03020
23330
20030
22031
(4,4)
(4,3)
(3,3)
(2,3)
(2,2)
(2,1)
(1,1)
(0,1)
(0,0)